Basket 0:
    (0, 1)
    (0, 2)
    (0, 3)
    (0, 4)
    (1, 1)
    (1, 4)
    (2, 1)
    (3, 1)
    (3, 2)
    (3, 3)
    (4, 3)
    (5, 0)
    (5, 3)
    (6, 0)
    (6, 1)
    (6, 2)
    (6, 3)

Basket 1:
    (6, 4)
    (7, 0)
    (7, 1)
    (7, 2)
    (7, 3)
    (7, 4)
    (8, 0)
    (8, 1)
    (8, 2)
    (8, 3)
    (8, 4)
    (8, 5)

Basket 2:
    (0, 5)
    (0, 6)
    (0, 7)
    (0, 8)
    (1, 3)
    (1, 5)
    (1, 6)
    (1, 7)
    (1, 8)
    (2, 3)
    (2, 4)
    (2, 5)
    (2, 8)
    (3, 4)
    (4, 4)
    (5, 4)

Basket 3:
    (2, 6)
    (2, 7)
    (3, 5)
    (3, 6)
    (3, 7)
    (3, 8)
    (4, 5)
    (4, 8)
    (5, 5)
    (5, 8)
    (6, 5)
    (6, 8)
    (7, 5)
    (7, 6)
    (7, 7)
    (7, 8)
    (8, 6)
    (8, 7)

Basket 4:
    (1, 2)
    (2, 2)

Basket 5:
    (0, 0)
    (1, 0)
    (2, 0)
    (3, 0)
    (4, 0)
    (4, 1)
    (4, 2)
    (5, 1)
    (5, 2)

Basket 6:
    (4, 6)
    (4, 7)
    (5, 6)

Basket 7:
    (5, 7)
    (6, 6)
    (6, 7)

Basket 8:
    (8, 8)

